# Results:  	200 matching objects
# Constraints:  	asteroids and PHAs and orbital class (IEO or IMB or TNO or ATE or MBA or 
#			APO or OMB or AMO or TJN or AST or MCA or CEN) and 
#			diameter >= 0.2 (km) 
# SPK-ID|object fullname |prim. desig.| IAU name|Diameter
#
2053319|53319 (1999 JM8)|53319||7.
2004179|4179 Toutatis (1989 AC)|4179|Toutatis|5.4
2003200|3200 Phaethon (1983 TB)|3200|Phaethon|5.10
2089830|89830 (2002 CE)|89830||5.067
2003122|3122 Florence (1981 ET3)|3122|Florence|4.9
2004015|4015 Wilson-Harrington (1979 VA)|4015|Wilson-Harrington|4
2085713|85713 (1998 SS49)|85713||3.484
2001981|1981 Midas (1973 EA)|1981|Midas|3.4
2159857|159857 (2004 LJ1)|159857||3.070
2111253|111253 (2001 XU10)|111253||3.006
2004183|4183 Cuno (1959 LM)|4183|Cuno|2.945
2242450|242450 (2004 QY2)|242450||2.914
2001620|1620 Geographos (1951 RA)|1620|Geographos|2.56
2090075|90075 (2002 VU94)|90075||2.233
2086039|86039 (1999 NC43)|86039||2.22
2451124|451124 (2009 KC3)|451124||2.188
2143624|143624 (2003 HM16)|143624||2.137
2012923|12923 Zephyr (1999 GK4)|12923|Zephyr|2.060
2029075|29075 (1950 DA)|29075||2.000
2242643|242643 (2005 NZ6)|242643||1.989
2363505|363505 (2003 UC20)|363505||1.900
2161989|161989 Cacus (1978 CA)|161989|Cacus|1.9
3074755|(2001 HA4)|2001 HA4||1.851
2004486|4486 Mithra (1987 SB)|4486|Mithra|1.849
2007335|7335 (1989 JA)|7335||1.8
2002201|2201 Oljato (1947 XC)|2201|Oljato|1.80
3520203|(2010 JL33)|2010 JL33||1.778
2164121|164121 (2003 YT1)|164121||1.717
2163243|163243 (2002 FB3)|163243||1.682
2012538|12538 (1998 OH)|12538||1.663
2002102|2102 Tantalus (1975 YA)|2102|Tantalus|1.649
3645264|(2013 PX6)|2013 PX6||1.647
2007822|7822 (1991 CS)|7822||1.602
2008566|8566 (1996 EN)|8566||1.568
2039572|39572 (1993 DQ1)|39572||1.554
2369264|369264 (2009 MS)|369264||1.515
2003671|3671 Dionysus (1984 KD)|3671|Dionysus|1.5
2001862|1862 Apollo (1932 HA)|1862|Apollo|1.5
2085989|85989 (1999 JD6)|85989||1.462
2410778|410778 (2009 FG19)|410778||1.457
2089959|89959 (2002 NT7)|89959||1.407
217628 Lugh (1990 HA)|217628|Lugh|1.4
2004769|4769 Castalia (1989 PB)|4769|Castalia|1.4
2066391|66391 (1999 KW4)|66391||1.317
3256324|(2004 TG10)|2004 TG10||1.316
2103067|103067 (1999 XA143)|103067||1.282
3184160|(2004 MX2)|2004 MX2||1.258
2194268|194268 (2001 UY4)|194268||1.244
2175706|175706 (1996 FG3)|175706||1.196
2068548|68548 (2001 XR31)|68548||1.182
2235756|235756 (2004 VC)|235756||1.136
2099248|99248 (2001 KY66)|99248||1.115
2085182|85182 (1991 AQ)|85182||1.1
2154276|154276 (2002 SY50)|154276||1.060
2387505|387505 (1998 KN3)|387505||1.060
2007482|7482 (1994 PC1)|7482||1.052
2488789|488789 (2004 XK50)|488789||1.039
2009856|9856 (1991 EE)|9856||1.0
2052760|52760 (1998 ML14)|52760||1.0
2001566|1566 Icarus (1949 MA)|1566|Icarus|1.0
2377732|377732 (2005 XJ8)|377732||0.986
2419880|419880 (2011 AH37)|419880||0.982
3692867|(2014 SR339)|2014 SR339||0.971
2085774|85774 (1998 UT18)|85774||0.939
2010115|10115 (1992 SK)|10115||0.938
2153814|153814 (2001 WN5)|153814||0.932
2065679|65679 (1989 UQ)|65679||0.918
2035107|35107 (1991 VH)|35107||0.908
2416801|416801 (2005 GC120)|416801||0.906
2014827|14827 Hypnos (1986 JK)|14827|Hypnos|0.9
2168318|168318 (1989 DA)|168318||0.9
2418094|418094 (2007 WV4)|418094||0.890
2269690|269690 (1996 RG3)|269690||0.888
2395207|395207 (2010 HQ80)|395207||0.886
2243566|243566 (1995 SA)|243566||0.881
3529599|(2010 LZ63)|2010 LZ63||0.877
2162998|162998 (2001 SK162)|162998||0.875
2366774|366774 (2004 TB18)|366774||0.859
3468513|(2009 ST103)|2009 ST103||0.851
2053789|53789 (2000 ED104)|53789||0.843
3102786|(2002 BM26)|2002 BM26||0.84
3024714|(1999 XK136)|1999 XK136||0.811
2086819|86819 (2000 GK137)|86819||0.802
2263976|263976 (2009 KD5)|263976||0.785
2304330|304330 (2006 SX217)|304330||0.780
2065803|65803 Didymos (1996 GT)|65803|Didymos|0.78
2445305|445305 (2010 DM56)|445305||0.762
2138127|138127 (2000 EE14)|138127||0.754
2011500|11500 Tomaiyowit (1989 UR)|11500|Tomaiyowit|0.738
3550042|(2010 UY6)|2010 UY6||0.712
3674618|(2014 NE52)|2014 NE52||0.701
2003362|3362 Khufu (1984 QA)|3362|Khufu|0.7
2008014|8014 (1990 MF)|8014||0.7
2365071|365071 (2009 AV)|365071||0.674
2386847|386847 (2010 LR33)|386847||0.663
2250620|250620 (2005 GE59)|250620||0.654
3653916|(2013 WT44)|2013 WT44||0.653
2436329|436329 (2010 GX62)|436329||0.622
3549391|(2010 TU149)|2010 TU149||0.603
2002101|2101 Adonis (1936 CA)|2101|Adonis|0.6
3536555|(2010 MU112)|2010 MU112||0.599
3674874|(2014 OY1)|2014 OY1||0.598
2312070|312070 (2007 TA19)|312070||0.595
3661368|(2014 CY4)|2014 CY4||0.574
2140158|140158 (2001 SX169)|140158||0.566
2267221|267221 (2001 AD2)|267221||0.562
2013651|13651 (1997 BR)|13651||0.562
2363024|363024 (1998 OK1)|363024||0.558
2409836|409836 (2006 QY110)|409836||0.554
2005604|5604 (1992 FE)|5604||0.55
2162116|162116 (1998 SA15)|162116||0.538
2480936|480936 (2003 QH5)|480936||0.537
2250706|250706 (2005 RR6)|250706||0.535
2152978|152978 (2000 GJ147)|152978||0.531
2006489|6489 Golevka (1991 JX)|6489|Golevka|0.53
2153201|153201 (2000 WO107)|153201||0.510
3515377|(2010 GU21)|2010 GU21||0.510
2003757|3757 Anagolay (1982 XB)|3757|Anagolay|0.5
2244977|244977 (2004 BE68)|244977||0.495
2101955|101955 Bennu (1999 RQ36)|101955|Bennu|0.492
2215588|215588 (2003 HF2)|215588||0.488
2442037|442037 (2010 PR66)|442037||0.488
2410777|410777 (2009 FD)|410777||0.472
2398188|398188 Agni (2010 LE15)|398188|Agni|0.462
3666473|(2014 ER49)|2014 ER49||0.461
3548083|(2010 TH19)|2010 TH19||0.461
2163132|163132 (2002 CU11)|163132||0.460
2419472|419472 (2010 DW1)|419472||0.459
3426408|(2008 QS11)|2008 QS11||0.453
2389694|389694 (2011 QD48)|389694||0.451
2085990|85990 (1999 JV6)|85990||0.451
2277570|277570 (2005 YP180)|277570||0.439
2267337|267337 (2001 VK5)|267337||0.439
2221980|221980 (1996 EO)|221980||0.432
2207945|207945 (1991 JW)|207945||0.423
2004034|4034 Vishnu (1986 PA)|4034|Vishnu|0.42
2417634|417634 (2006 XG1)|417634||0.418
2152754|152754 (1999 GS6)|152754||0.414
2391211|391211 (2006 HZ51)|391211||0.412
2297418|297418 (2000 SP43)|297418||0.407
3655751|(2013 YP139)|2013 YP139||0.402
3514551|(2010 FC81)|2010 FC81||0.402
2162000|162000 (1990 OS)|162000||0.4
3001835|(1989 VB)|1989 VB||0.4
2308635|308635 (2005 YU55)|308635||0.4
2301844|301844 (1990 UA)|301844||0.4
2360191|360191 (1988 TA)|360191||0.4
2341843|341843 (2008 EV5)|341843||0.40
2250680|250680 (2005 QC5)|250680||0.398
2367248|367248 (2007 MK13)|367248||0.386
2163818|163818 (2003 RX7)|163818||0.386
3507718|(2010 CO1)|2010 CO1||0.380
3550233|(2010 VZ)|2010 VZ||0.380
3666411|(2014 EQ49)|2014 EQ49||0.379
2414286|414286 (2008 OC6)|414286||0.369
2386454|386454 (2008 XM)|386454||0.367
2387746|387746 (2003 MH4)|387746||0.366
3532363|(2010 MF1)|2010 MF1||0.363
2265196|265196 (2004 BW58)|265196||0.361
2419624|419624 (2010 SO16)|419624||0.357
3508127|(2010 CN44)|2010 CN44||0.340
2162567|162567 (2000 RW37)|162567||0.335
2004660|4660 Nereus (1982 DB)|4660|Nereus|0.33
2025143|25143 Itokawa (1998 SF36)|25143|Itokawa|0.33
3669253|(2014 HQ124)|2014 HQ124||0.325
2099942|99942 Apophis (2004 MN4)|99942|Apophis|0.325
2477519|477519 (2010 DJ56)|477519||0.321
2297300|297300 (1998 SC15)|297300||0.320
3025766|(2000 AA6)|2000 AA6||0.316
3511311|(2010 DG77)|2010 DG77||0.315
2468727|468727 (2010 JE87)|468727||0.308
3001825|(1989 UP)|1989 UP||0.3
2002340|2340 Hathor (1976 UA)|2340|Hathor|0.3
2003361|3361 Orpheus (1982 HR)|3361|Orpheus|0.3
2152671|152671 (1998 HL3)|152671||0.298
2390725|390725 (2003 HB)|390725||0.293
2252399|252399 (2001 TX44)|252399||0.291
3512281|(2010 FQ)|2010 FQ||0.285
3511355|(2010 DJ77)|2010 DJ77||0.277
3553986|(2010 XP69)|2010 XP69||0.273
3163755|(2003 UV11)|2003 UV11||0.260
3370167|(2007 EF)|2007 EF||0.260
2141432|141432 (2002 CQ11)|141432||0.239
3541751|(2010 ON101)|2010 ON101||0.238
2490581|490581 (2009 WZ104)|490581||0.237
2371660|371660 (2007 CN26)|371660||0.230
2441987|441987 (2010 NY65)|441987||0.228
2462238|462238 (2008 CN1)|462238||0.227
3520666|(2010 JV34)|2010 JV34||0.226
3515066|(2010 GT7)|2010 GT7||0.216
3521439|(2010 JN71)|2010 JN71||0.214
3544935|(2010 PW58)|2010 PW58||0.213
2365424|365424 (2010 KX7)|365424||0.212
3520202|(2010 JK33)|2010 JK33||0.208
2041429|41429 (2000 GE2)|41429||0.204
2333578|333578 (2006 KM103)|333578||0.204
3515065|(2010 GS7)|2010 GS7||0.203
2483508|483508 (2003 CR1)|483508||0.202
2423321|423321 (2005 ED318)|423321||0.202
3514799|(2010 FH81)|2010 FH81||0.200
