53319 (1999 JM8) |53319 ||Y|Y |7. ||2458000.5 |58000 |2017-Sep-04.0 |J2000 |.6411275909218914 |2.726144397313759 |.9783380073587771 |13.82874640228327 |133.6457778258649 |166.7695676911424 |19.00934165331238 |.2189680699742946 |2457913.686695870572 |2017-Jun-09.1866959 |1644.07532131174 |.0234555 |9.7142E-9 |2.6897E-8 |3.3268E-6 |8.105E-6 |9.9715E-6 |1.1087E-5
4179 Toutatis (1989 AC) |4179 |Toutatis |Y|Y |5.4 ||2458000.5 |58000 |2017-Sep-04.0 |J2000 |.6293850842352817 |2.536203897542407 |.9399549938498295 |.447431706468268 |124.4046935815254 |278.7114685626408 |68.37708393924132 |.2440213500129884 |2457720.290567769575 |2016-Nov-27.7905678 |1475.280748921512 |.00615278 |7.8158E-10 |1.9289E-9 |1.8927E-7 |3.4583E-5 |3.4386E-5 |1.548E-7
3200 Phaethon (1983 TB) |3200 |Phaethon |Y|Y |5.10 ||2458000.5 |58000 |2017-Sep-04.0 |J2000 |.8899364594791804 |1.271198645163161 |.1399126235919265 |22.25319383431428 |265.2306710596868 |322.173626309504 |261.4247211659712 |.6876761175541398 |2458143.845502799533 |2018-Jan-25.3455028 |523.5022575459118 |.0194544 |1.6106E-8 |2.0411E-8 |6.9902E-6 |1.2439E-5 |1.1608E-5 |9.028E-6
89830 (2002 CE) |89830 ||Y|Y |5.067 ||2458000.5 |58000 |2017-Sep-04.0 |J2000 |.5073762665253236 |2.077376686605647 |1.023365059188927 |43.70062252667638 |19.93382343155152 |5.706153255010596 |117.7919251829327 |.3291782967411137 |2457642.663756392568 |2016-Sep-11.1637564 |1093.632246001705 |.0276732 |6.907E-8 |1.431E-7 |9.224E-6 |1.157E-5 |1.427E-5 |3.4122E-5
3122 Florence (1981 ET3) |3122 |Florence |Y|Y |4.9 ||2458000.5 |58000 |2017-Sep-04.0 |J2000 |.4233004336409783 |1.769132449298832 |1.020257916342311 |22.15078188455028 |336.0951220872669 |27.84698272421281 |351.438522397809 |.4188548526608064 |2458020.940201534741 |2017-Sep-24.4402015 |859.4862819735129 |.0443046 |7.5575E-8 |1.2883E-7 |7.7827E-6 |1.0046E-5 |1.2493E-5 |3.5104E-5
4015 Wilson-Harrington (1979 VA) |4015 |Wilson-Harrington |Y|Y |4 ||2458000.5 |58000 |2017-Sep-04.0 |J2000 |.6308146572622659 |2.628013076614583 |.9702239084092019 |2.796716577161928 |266.8304619424347 |95.36329171011192 |299.501464378829 |.2313464241206856 |2458262.006249128843 |2018-May-23.5062491 |1556.10790773321 |.0431849 |3.9703E-8 |1.0535E-7 |5.3732E-6 |9.9794E-5 |9.9761E-5 |1.2259E-5
85713 (1998 SS49) |85713 ||Y|Y |3.484 ||2458000.5 |58000 |2017-Sep-04.0 |J2000 |.6392649526477741 |1.923744600293637 |.693962099480514 |10.76446359534553 |41.493200768447 |102.4676261976115 |359.7410649105019 |.3693881449153772 |2458001.200983756686 |2017-Sep-04.7009838 |974.5846068841004 |.00233927 |4.1458E-8 |7.9902E-8 |6.1575E-6 |2.2486E-5 |2.2699E-5 |9.3489E-6
1981 Midas (1973 EA) |1981 |Midas |Y|Y |3.4 ||2458000.5 |58000 |2017-Sep-04.0 |J2000 |.6502365011469357 |1.775932912550235 |.6211565092218833 |39.83296659599127 |356.89825606624 |267.7963118539594 |256.4805112521881 |.4164513172013645 |2458249.075246306059 |2018-May-10.5752463 |864.4467795642271 |.00449133 |5.5031E-8 |9.7464E-8 |1.0199E-5 |1.0254E-5 |1.0943E-5 |2.3154E-5
159857 (2004 LJ1) |159857 ||Y|Y |3.070 ||2458000.5 |58000 |2017-Sep-04.0 |J2000 |.5934628023973422 |2.263731885438697 |.9202912168300286 |23.14001319051379 |235.583420223171 |139.9716898372489 |286.6109500963937 |.289378720315253 |2458254.109006991445 |2018-May-15.609007 |1244.04448125215 |.0168184 |3.0301E-8 |6.8257E-8 |6.0511E-6 |1.1158E-5 |1.2893E-5 |3.9219E-5
111253 (2001 XU10) |111253 ||Y|Y |3.006 ||2458000.5 |58000 |2017-Sep-04.0 |J2000 |.4393811915132056 |1.753700950587857 |.9831577373607231 |42.01973315536669 |310.1653250008085 |6.934062411146314 |38.73346227669028 |.4243954975820505 |2457909.232626765905 |2017-Jun-04.7326268 |848.2653610866817 |.0293359 |1.2334E-7 |2.1744E-7 |1.5108E-5 |7.369E-6 |1.7002E-5 |8.7068E-5
4183 Cuno (1959 LM) |4183 |Cuno |Y|Y |2.945 ||2458000.5 |58000 |2017-Sep-04.0 |J2000 |.6343498179170188 |1.982213700330095 |.7247968004530793 |6.705067646835919 |294.8955618648941 |236.3402692831499 |338.2800001004763 |.3531655748123042 |2458062.000897733498 |2017-Nov-04.5008977 |1019.351900850835 |.0282524 |2.5321E-8 |4.9668E-8 |3.8597E-6 |2.8786E-5 |2.8913E-5 |1.1571E-5
242450 (2004 QY2) |242450 ||Y|Y |2.914 ||2458000.5 |58000 |2017-Sep-04.0 |J2000 |.4772747222723908 |1.083977194368002 |.5666222799764085 |37.02588255069191 |295.3100941214755 |104.9634859565153 |123.9788465882417 |.8733209047699334 |2457858.537468345153 |2017-Apr-15.0374683 |412.2196068292193 |.0468566 |1.6155E-7 |1.7449E-7 |1.826E-5 |2.902E-5 |3.1176E-5 |3.7208E-5
1620 Geographos (1951 RA) |1620 |Geographos |Y|Y |2.56 ||2458000.5 |58000 |2017-Sep-04.0 |J2000 |.3354011714105012 |1.2452602321176 |.8275984915544442 |13.33743942765777 |337.2037428098071 |276.8982440060318 |246.0030792311241 |.7092737637618327 |2458161.223442192844 |2018-Feb-11.7234422 |507.5614218276436 |.0300659 |1.5567E-8 |1.973E-8 |3.225E-6 |3.2664E-6 |5.0487E-6 |8.5291E-6
90075 (2002 VU94) |90075 ||Y|Y |2.233 ||2458000.5 |58000 |2017-Sep-04.0 |J2000 |.5761281605146248 |2.133797466739532 |.9044566573161191 |8.915526596784517 |226.7782512258054 |30.61714583689004 |26.5120966883165 |.3162090395801016 |2457916.656423853277 |2017-Jun-12.1564239 |1138.487376825309 |.0301028 |2.9776E-8 |6.8527E-8 |4.7747E-6 |2.7144E-5 |2.7938E-5 |2.0956E-5
86039 (1999 NC43) |86039 ||Y|Y |2.22 ||2458000.5 |58000 |2017-Sep-04.0 |J2000 |.5793533020087553 |1.759293585100322 |.7400410373696293 |7.123874135495496 |311.7608598917427 |120.6087134559537 |199.7198031960212 |.4223734345934106 |2458379.975089285076 |2018-Sep-18.4750893 |852.3263314288382 |.0242546 |4.8299E-8 |8.5112E-8 |7.5979E-6 |3.6543E-5 |3.6119E-5 |1.5194E-5
451124 (2009 KC3) |451124 ||Y|Y |2.188 ||2458000.5 |58000 |2017-Sep-04.0 |J2000 |.6986751467985224 |3.207238116723858 |.9664205547039999 |10.00933589331358 |340.0913306970507 |337.2415246008574 |145.4120362873777 |.1715960422325547 |2457153.090966577721 |2015-May-10.5909666 |2097.950484849247 |.00715381 |3.7079E-8 |3.9987E-8 |5.2532E-6 |1.0952E-5 |1.2171E-5 |.0003643
143624 (2003 HM16) |143624 ||Y|Y |2.137 ||2458000.5 |58000 |2017-Sep-04.0 |J2000 |.5763274552295026 |1.966903557176032 |.833323035386913 |35.60635410219328 |195.9764670214096 |46.99216874355228 |53.89690521566587 |.3572970868290972 |2457849.653807286859 |2017-Apr-06.1538073 |1007.564890032803 |.0495245 |5.8325E-8 |1.1557E-7 |1.4087E-5 |1.5609E-5 |1.7612E-5 |1.9021E-5
12923 Zephyr (1999 GK4) |12923 |Zephyr |Y|Y |2.060 ||2458000.5 |58000 |2017-Sep-04.0 |J2000 |.4920198567819153 |1.961538343169702 |.99642252849111 |5.304474468095854 |168.2123176890907 |147.0648775240273 |199.2311684746355 |.3587640111762329 |2458448.618614234111 |2018-Nov-26.1186142 |1003.445130462542 |.0211488 |4.6992E-8 |9.1359E-8 |6.0301E-6 |4.7464E-5 |4.7787E-5 |2.6429E-5
29075 (1950 DA) |29075 ||Y|Y |2.000 ||2455529.5 |55529 |2010-Nov-29.0 |J2000 |.5075993418815973 |1.699294473727901 |.836733717200583 |12.18033947456725 |356.7748639362383 |224.544979582539 |125.4775277975825 |.444939647420255 |2455247.489780130638 |2010-Feb-19.9897801 |809.0984970372224 |.0402212 |3.0579E-8 |5.2164E-8 |5.0474E-6 |8.1663E-6 |9.4249E-6 |3.9523E-6
242643 (2005 NZ6) |242643 ||Y|Y |1.989 ||2458000.5 |58000 |2017-Sep-04.0 |J2000 |.8643327592088514 |1.834236299108158 |.2488457776589716 |8.488163494513678 |39.43762398434593 |48.2865317247138 |286.00647915808 |.3967538486236146 |2458186.997298258384 |2018-Mar-09.4972983 |907.3635989893534 |.00818464 |1.8233E-8 |3.292E-8 |8.4924E-6 |1.368E-5 |1.4479E-5 |1.2943E-5
363505 (2003 UC20) |363505 ||Y|Y |1.900 ||2455026.5 |55026 |2009-Jul-14.0 |J2000 |.3367760294257492 |.7813002455679843 |.5181770510762358 |3.794750521346799 |188.8616900718955 |59.28970787934009 |230.4371854501246 |1.427174681803321 |2455117.282730524735 |2009-Oct-12.7827305 |252.2466272629769 |.0345132 |5.4903E-8 |4.3438E-8 |5.4563E-6 |8.3576E-5 |8.0707E-5 |1.7446E-5
161989 Cacus (1978 CA) |161989 |Cacus |Y|Y |1.9 ||2458000.5 |58000 |2017-Sep-04.0 |J2000 |.2139746388471929 |1.123125411991926 |.8828050575808489 |26.06033065932085 |161.2418379523293 |102.1601955488226 |345.3962609448624 |.828059784531032 |2458018.136092620303 |2017-Sep-21.6360926 |434.7512181187309 |.0152327 |7.186E-8 |7.9738E-8 |1.0332E-5 |6.2981E-6 |1.5815E-5 |2.173E-5
4486 Mithra (1987 SB) |4486 |Mithra |Y|Y |1.849 ||2458000.5 |58000 |2017-Sep-04.0 |J2000 |.6628520208770365 |2.199980925303253 |.7417191230750589 |3.039463039020657 |82.24044528453241 |168.8747061575359 |91.92846528337688 |.302047816727648 |2457696.149297255913 |2016-Nov-03.6492973 |1191.864268049342 |.0462647 |2.1416E-8 |4.7703E-8 |2.5505E-6 |7.5261E-5 |7.4139E-5 |2.0831E-5
7335 (1989 JA) |7335 ||Y|Y |1.8 ||2458000.5 |58000 |2017-Sep-04.0 |J2000 |.48402786427509 |1.770645943458159 |.9136039690587545 |15.19559789561827 |61.32482044675898 |232.2446725390532 |341.8746908367051 |.4183179309041999 |2458043.829027575071 |2017-Oct-17.3290276 |860.5894545850691 |.0225056 |4.7738E-8 |8.4014E-8 |9.727E-6 |1.898E-5 |2.34E-5 |3.8847E-5
2201 Oljato (1947 XC) |2201 |Oljato |Y|Y |1.80 ||2458000.5 |58000 |2017-Sep-04.0 |J2000 |.7129709315146266 |2.175017808738561 |.624293335581327 |2.522434897664938 |74.99073752177512 |98.26401208845233 |255.6897532288087 |.307262703912126 |2458339.982291352298 |2018-Aug-09.4822914 |1171.635852371319 |.00305358 |3.5475E-8 |7.4955E-8 |5.7564E-6 |.00011818 |.00011811 |6.5696E-6
164121 (2003 YT1) |164121 ||Y|Y |1.717 ||2458000.5 |58000 |2017-Sep-04.0 |J2000 |.291917279012936 |1.109552634250397 |.7856550483383856 |44.0638506253909 |38.33525227875005 |91.04500421073429 |202.7588394275948 |.8433002141931197 |2458186.959291632999 |2018-Mar-09.4592916 |426.8942352213826 |.00350942 |1.548E-8 |1.7672E-8 |5.951E-6 |7.1191E-7 |2.9899E-6 |2.9827E-6
163243 (2002 FB3) |163243 ||Y|Y |1.682 ||2458000.5 |58000 |2017-Sep-04.0 |J2000 |.6017465083085981 |.7615579948339024 |.3032931305681043 |20.27762946655788 |203.6050557005847 |148.3029829759607 |213.6493485037173 |1.483028855835997 |2458099.183616923815 |2017-Dec-11.6836169 |242.7464567417772 |.00283189 |5.159E-7 |3.9306E-7 |3.6978E-5 |8.4532E-5 |7.4396E-5 |5.2022E-5
12538 (1998 OH) |12538 ||Y|Y |1.663 ||2458000.5 |58000 |2017-Sep-04.0 |J2000 |.4060872833577112 |1.541433465971149 |.9154769372982643 |24.52914396833269 |220.7486904108878 |321.71785218521 |58.30514299211854 |.5150114663040253 |2457887.288650725498 |2017-May-13.7886507 |699.0135629086794 |.0279736 |1.5893E-7 |2.5151E-7 |9.7888E-6 |9.2634E-6 |2.026E-5 |7.6009E-5
2102 Tantalus (1975 YA) |2102 |Tantalus |Y|Y |1.649 ||2458000.5 |58000 |2017-Sep-04.0 |J2000 |.2991527845557768 |1.290130903067982 |.9041846509737361 |64.00400362262521 |94.36526823231497 |61.54852552618838 |129.3774649196569 |.6725946470519932 |2457808.144224516619 |2017-Feb-23.6442245 |535.2406558361608 |.044403 |3.3339E-8 |4.3238E-8 |1.6297E-5 |6.4285E-6 |1.3979E-5 |1.4756E-5
7822 (1991 CS) |7822 ||Y|Y |1.602 ||2458000.5 |58000 |2017-Sep-04.0 |J2000 |.1646939402491508 |1.122922795256102 |.9379842155097843 |37.12040203988693 |156.8650754899662 |249.4212068167019 |188.5213988034437 |.8282839134820087 |2458207.528771663185 |2018-Mar-30.0287717 |434.6335768934617 |.0224971 |2.5678E-8 |2.8357E-8 |8.7538E-6 |2.4087E-6 |1.3094E-5 |1.7736E-5
8566 (1996 EN) |8566 ||Y|Y |1.568 ||2458000.5 |58000 |2017-Sep-04.0 |J2000 |.4303352592216516 |1.506362543275634 |.8581216277333275 |37.97375403611148 |164.1415963912443 |125.1233115800087 |144.0287027465628 |.533101386100955 |2457730.328684558536 |2016-Dec-07.8286846 |675.2936859403056 |.0216365 |5.5343E-8 |8.3116E-8 |1.8372E-5 |9.8448E-6 |1.3844E-5 |1.9957E-5
39572 (1993 DQ1) |39572 ||Y|Y |1.554 ||2458000.5 |58000 |2017-Sep-04.0 |J2000 |.4919790630407965 |2.037120207202349 |1.034899716361464 |10.01994983470812 |313.5667046812624 |344.7958119808721 |44.31125377485575 |.3389839131142829 |2457869.782133869530 |2017-Apr-26.2821339 |1061.997298611135 |.0294076 |4.2121E-8 |8.2152E-8 |5.1669E-6 |2.7104E-5 |2.7482E-5 |3.8776E-5
369264 (2009 MS) |369264 ||Y|Y |1.515 ||2458000.5 |58000 |2017-Sep-04.0 |J2000 |.5694307704627258 |2.004907466451021 |.8632514631233444 |52.4028016340441 |252.0848077947112 |219.5351003945322 |86.73735989956913 |.3471862956473384 |2457750.670554002297 |2016-Dec-28.170554 |1036.907287278636 |.0413471 |1.1509E-7 |2.3488E-7 |2.6315E-5 |4.7858E-6 |2.4773E-5 |1.5396E-5
1862 Apollo (1932 HA) |1862 |Apollo |Y|Y |1.5 ||2455958.5 |55958 |2012-Feb-01.0 |J2000 |.5597614018825802 |1.470162312389734 |.6472221954115209 |6.353445562610878 |35.73168803474559 |285.8593797344928 |206.6290803122197 |.5529121656575184 |2456235.887493374093 |2012-Nov-04.3874934 |651.0979905314456 |.025757 |1.3563E-8 |2.0196E-8 |3.5906E-6 |2.4447E-5 |2.533E-5 |3.4651E-6
3671 Dionysus (1984 KD) |3671 |Dionysus |Y|Y |1.5 ||2458000.5 |58000 |2017-Sep-04.0 |J2000 |.5411560878949718 |2.199161287240443 |1.009071768387334 |13.53145946761423 |82.08573545641492 |204.2472216976662 |65.7313828736188 |.3022166944868691 |2457783.002475631852 |2017-Jan-29.5024756 |1191.198257962687 |.0221914 |2.8471E-8 |6.2354E-8 |5.8595E-6 |1.7745E-5 |1.8064E-5 |2.0882E-5
85989 (1999 JD6) |85989 ||Y|Y |1.462 ||2458000.5 |58000 |2017-Sep-04.0 |J2000 |.6328373731114443 |.8830625113464621 |.324227551372772 |17.05627108732804 |130.2027845779737 |309.1887641469194 |130.4847857462841 |1.187727745616233 |2457890.639144911038 |2017-May-17.1391449 |303.0997645114537 |.0480717 |3.0031E-8 |2.6554E-8 |4.1554E-6 |2.5468E-6 |1.371E-6 |1.6428E-6
410778 (2009 FG19) |410778 ||Y|Y |1.457 ||2458000.5 |58000 |2017-Sep-04.0 |J2000 |.7198642419355163 |2.908868151422479 |.8148779847083694 |54.50158019443992 |187.5814997105467 |120.3761131549177 |221.3871409324599 |.1986634709032125 |2458698.226957237505 |2019-Aug-02.7269572 |1812.109686613648 |.022863 |2.3254E-8 |6.6602E-8 |4.9789E-5 |7.1653E-6 |8.7289E-6 |2.1386E-5
89959 (2002 NT7) |89959 ||Y|Y |1.407 ||2458000.5 |58000 |2017-Sep-04.0 |J2000 |.5287313253985001 |1.735294657454874 |.8177900132618222 |42.33398629053038 |132.0640683888452 |300.6734821217568 |165.6177882083314 |.4311657245193299 |2457616.383687431406 |2016-Aug-15.8836874 |834.9457749716388 |.000665501 |3.3564E-8 |5.6769E-8 |9.3101E-6 |5.4933E-6 |8.3955E-6 |3.4406E-5
4769 Castalia (1989 PB) |4769 |Castalia |Y|Y |1.4 ||2458000.5 |58000 |2017-Sep-04.0 |J2000 |.4831693230163794 |1.063298253689737 |.5495451562899683 |8.88515554138232 |325.5773202860467 |121.3674690848725 |146.5654501007978 |.8989207862477765 |2457837.453987110941 |2017-Mar-24.9539871 |400.4802264087043 |.0203525 |4.1569E-8 |4.4084E-8 |7.665E-6 |1.3246E-5 |1.35E-5 |4.4168E-6
217628 Lugh (1990 HA) |217628 |Lugh |Y|Y |1.4 ||2458000.5 |58000 |2017-Sep-04.0 |J2000 |.7030798657628144 |2.551102689156822 |.7574737529172886 |4.022745102576065 |183.1232534860738 |310.2283025813027 |250.3348903849124 |.2418867966223863 |2458453.873690281606 |2018-Dec-01.3736903 |1488.299506326516 |.0189934 |4.002E-7 |1.0298E-6 |4.5021E-5 |.00030271 |.00029754 |.00015381
66391 (1999 KW4) |66391 ||Y|Y |1.317 ||2458000.5 |58000 |2017-Sep-04.0 |J2000 |.6885812249927048 |.6422280698044981 |.2000018787738165 |38.88384181099627 |244.9135254258762 |192.6176684090649 |359.0262479259163 |1.915006043690405 |2458001.008485117993 |2017-Sep-04.5084851 |187.9889628474721 |.0137915 |4.451E-8 |2.8722E-8 |3.8535E-6 |5.7362E-7 |3.5672E-6 |1.2655E-5
103067 (1999 XA143) |103067 ||Y|Y |1.282 ||2458000.5 |58000 |2017-Sep-04.0 |J2000 |.5818436603729965 |1.843442563219617 |.7708471945485358 |38.54535118540456 |116.6498214714584 |104.0010213505937 |345.5588566823575 |.3937854432321537 |2458037.172618467333 |2017-Oct-10.6726185 |914.2034226688371 |.0411133 |1.0323E-7 |1.9045E-7 |1.4775E-5 |6.1933E-6 |1.5129E-5 |1.7145E-5
194268 (2001 UY4) |194268 ||Y|Y |1.244 ||2458000.5 |58000 |2017-Sep-04.0 |J2000 |.787385250618907 |1.452969205978564 |.3089226835875781 |5.43606601832941 |160.8008968085891 |107.6929342689394 |51.11396379353155 |.5627551250838631 |2457909.671926624543 |2017-Jun-05.1719266 |639.709855945518 |.0260591 |8.1717E-8 |1.1869E-7 |6.7884E-6 |.00014396 |.00014195 |1.4288E-5
175706 (1996 FG3) |175706 ||Y|Y |1.196 ||2458000.5 |58000 |2017-Sep-04.0 |J2000 |.3498175834077441 |1.054028686106748 |.6853109182904454 |1.991106291938947 |299.7065641824987 |24.02903301999085 |184.7881760388938 |.910805045799316 |2458192.870282498097 |2018-Mar-15.3702825 |395.2547272990419 |.028314 |1.1185E-8 |1.1845E-8 |2.6124E-6 |8.4156E-5 |8.3424E-5 |3.135E-6
68548 (2001 XR31) |68548 ||Y|Y |1.182 ||2458000.5 |58000 |2017-Sep-04.0 |J2000 |.4365246214267008 |1.706596349612966 |.9616250241699764 |22.7178702231256 |302.0616207733435 |24.69829660344486 |117.2646271510256 |.4420871131300747 |2457735.247691872839 |2016-Dec-12.7476919 |814.3191450461431 |.0251888 |9.8213E-8 |1.6735E-7 |1.3589E-5 |2.217E-5 |2.5792E-5 |3.2368E-5
235756 (2004 VC) |235756 ||Y|Y |1.136 ||2458000.5 |58000 |2017-Sep-04.0 |J2000 |.2588036172879105 |1.133350340863139 |.8400351729932723 |39.14671932571256 |194.1759772629877 |94.19155698843099 |293.9568104055118 |.8168791373068456 |2458081.348177629098 |2017-Nov-23.8481776 |440.7016700008738 |.0355664 |8.596E-8 |9.9051E-8 |3.1216E-5 |5.2543E-6 |1.3049E-5 |1.3681E-5
99248 (2001 KY66) |99248 ||Y|Y |1.115 ||2458000.5 |58000 |2017-Sep-04.0 |J2000 |.5075721300697746 |1.866152434162694 |.9189454681198405 |10.61322264133894 |284.1895147982261 |61.51184977599239 |74.81632957516989 |.3866191845282483 |2457806.985729189925 |2017-Feb-22.4857292 |931.1488265624249 |.0471025 |6.25E-8 |1.163E-7 |6.7577E-6 |2.9427E-5 |3.0045E-5 |2.4296E-5
85182 (1991 AQ) |85182 ||Y|Y |1.1 ||2458000.5 |58000 |2017-Sep-04.0 |J2000 |.7767678220556956 |2.221410285994208 |.4958902562503671 |3.128013095462546 |339.6836641182695 |242.9500401679322 |5.38973976669166 |.297687710645052 |2457982.394651428462 |2017-Aug-16.8946514 |1209.321000251993 |.0165273 |2.0156E-8 |4.3224E-8 |6.1552E-6 |8.5978E-5 |8.5449E-5 |4.9058E-5
387505 (1998 KN3) |387505 ||Y|Y |1.060 ||2458000.5 |58000 |2017-Sep-04.0 |J2000 |.8737193466444035 |1.541380236957639 |.1946465033924147 |2.296079659811506 |313.6262628676974 |70.84345662601389 |350.5194148788681 |.5150381441363111 |2458018.907539769759 |2017-Sep-22.4075398 |698.9773555581966 |.0180491 |5.2232E-8 |8.0296E-8 |8.0804E-6 |.00024963 |.00024969 |7.3876E-5
154276 (2002 SY50) |154276 ||Y|Y |1.060 ||2458000.5 |58000 |2017-Sep-04.0 |J2000 |.6892943607675215 |1.704409267261171 |.5295695708981424 |8.744347637055887 |34.29713032510744 |99.40042401030385 |216.5586801787767 |.442938309244068 |2458324.340401310116 |2018-Jul-24.8404013 |812.7542650677178 |.00294794 |3.257E-8 |5.5902E-8 |6.5611E-6 |1.3081E-5 |1.4062E-5 |2.5961E-5
7482 (1994 PC1) |7482 ||Y|Y |1.052 ||2458000.5 |58000 |2017-Sep-04.0 |J2000 |.3283393095931395 |1.346207298187098 |.9041945233311005 |33.48663014190705 |117.8921836381626 |47.62508883726439 |47.47452121821524 |.6310098853196264 |2457925.264219511129 |2017-Jun-20.7642195 |570.5140416582359 |.000958186 |4.0751E-8 |5.3688E-8 |1.2387E-5 |2.2973E-6 |1.2726E-5 |2.9822E-5
488789 (2004 XK50) |488789 ||Y|Y |1.039 ||2458000.5 |58000 |2017-Sep-04.0 |J2000 |.68890349764185 |1.451014663501196 |.4514055866856102 |38.2138726782459 |94.15456180808361 |103.9635082806301 |62.99090099658616 |.5638925696047128 |2457888.792727388228 |2017-May-15.2927274 |638.4194781150585 |.0420932 |3.4564E-7 |5.0125E-7 |6.7581E-5 |2.4214E-5 |5.4957E-5 |5.7509E-5
1566 Icarus (1949 MA) |1566 |Icarus |Y|Y |1.0 ||2453467.5 |53467 |2005-Apr-07.0 |J2000 |.8268071492880316 |1.077931602681312 |.1866900471408974 |22.85208127096231 |88.08204889550751 |31.29757750219701 |359.5589761963022 |.8806782420387561 |2453468.000777449295 |2005-Apr-07.5007774 |408.7758534451876 |.034911 |7.1289E-8 |7.6792E-8 |1.5921E-5 |4.5282E-6 |9.0201E-6 |1.1316E-5
9856 (1991 EE) |9856 ||Y|Y |1.0 ||2458000.5 |58000 |2017-Sep-04.0 |J2000 |.6259301955301843 |2.242335391272294 |.8387899613689749 |9.826916676082615 |168.162897580468 |116.1550876754223 |271.5354048830215 |.2935304879892718 |2458301.881283160650 |2018-Jul-02.3812832 |1226.448409042803 |.0223148 |2.6347E-8 |6.1187E-8 |6.5014E-6 |3.0036E-5 |3.0689E-5 |4.9522E-5
52760 (1998 ML14) |52760 ||Y|Y |1.0 ||2458000.5 |58000 |2017-Sep-04.0 |J2000 |.6234087193950586 |2.4087734815897 |.9071230901190884 |2.42737075717812 |338.7237233093471 |20.32431030273067 |21.55681357224212 |.2636392890896505 |2457918.733683429059 |2017-Jun-14.2336834 |1365.502089021269 |.0167158 |4.1046E-9 |9.6272E-9 |3.8867E-6 |3.6996E-5 |3.6292E-5 |2.8595E-6
377732 (2005 XJ8) |377732 ||Y|Y |0.986 ||2458000.5 |58000 |2017-Sep-04.0 |J2000 |.6213325993381843 |1.930603932111013 |.7310567726799579 |23.57742486436048 |115.9716142615093 |67.32679089758633 |102.2957026012227 |.3674212702724719 |2457722.084701600530 |2016-Nov-29.5847016 |979.8017402014628 |.0169671 |3.5039E-8 |6.4972E-8 |1.1442E-5 |9.889E-6 |1.1764E-5 |3.2472E-5
419880 (2011 AH37) |419880 ||Y|Y |0.982 ||2458000.5 |58000 |2017-Sep-04.0 |J2000 |.6719921236364642 |2.544488755990744 |.834612353283419 |9.658438329977633 |102.0835440798896 |322.3698889433042 |245.7464626572933 |.2428305199527415 |2458471.007320764055 |2018-Dec-18.5073208 |1482.515460042096 |.034998 |3.0867E-8 |7.9605E-8 |1.214E-5 |5.9916E-5 |6.1137E-5 |6.7228E-5
85774 (1998 UT18) |85774 ||Y|Y |0.939 ||2455670.5 |55670 |2011-Apr-19.0 |J2000 |.3291068038481656 |1.40368306001145 |.9417214145152691 |13.58936740086063 |64.69324536867637 |50.04301234482033 |135.4284144516947 |.5926529980962271 |2455441.987843836562 |2010-Sep-02.4878438 |607.4380812320602 |.0371195 |1.2086E-8 |1.6937E-8 |8.5021E-6 |5.6562E-6 |7.8356E-6 |3.342E-6
10115 (1992 SK) |10115 ||Y|Y |0.938 ||2458000.5 |58000 |2017-Sep-04.0 |J2000 |.32479068886363 |1.248422834960987 |.8429467224009219 |15.3216093706683 |8.923217674524565 |233.6251072199396 |47.50470956558839 |.7065802893310001 |2457933.268136497883 |2017-Jun-28.7681365 |509.4962390485771 |.0448578 |2.0997E-8 |2.5639E-8 |5.5046E-6 |1.0724E-5 |1.3045E-5 |1.451E-5
153814 (2001 WN5) |153814 ||Y|Y |0.932 ||2458000.5 |58000 |2017-Sep-04.0 |J2000 |.4669616729898516 |1.711945637367588 |.9125326384747413 |1.919651804784259 |277.5064260467379 |44.56899618568479 |46.22652650266724 |.4400166593610234 |2457895.443690155287 |2017-May-21.9436902 |818.1508412040108 |.0015495 |2.0389E-8 |3.4984E-8 |3.402E-6 |.00019089 |.00019068 |2.0727E-5
65679 (1989 UQ) |65679 ||Y|Y |0.918 ||2458000.5 |58000 |2017-Sep-04.0 |J2000 |.2647924170575066 |.915084890319068 |.6727773503986786 |1.299785408185602 |178.2271697554724 |14.89619288376087 |147.284530070029 |1.125931571962405 |2457869.688737808174 |2017-Apr-26.1887378 |319.7352387699281 |.0140811 |2.8719E-7 |2.6026E-7 |8.7973E-6 |.00020162 |.00020247 |2.8433E-5
35107 (1991 VH) |35107 ||Y|Y |0.908 ||2458000.5 |58000 |2017-Sep-04.0 |J2000 |.1443055351799036 |1.137382468291201 |.9732518825001999 |13.91091662440011 |139.3648563762292 |206.944459911928 |147.8537891173436 |.8125391198101497 |2457818.534866860454 |2017-Mar-06.0348669 |443.055591076174 |.0260101 |2.1362E-8 |2.5086E-8 |3.371E-6 |6.8011E-6 |1.0385E-5 |1.1177E-5
416801 (2005 GC120) |416801 ||Y|Y |0.906 ||2458000.5 |58000 |2017-Sep-04.0 |J2000 |.4975688778293094 |1.193774649892514 |.5997895369644191 |16.5324902390568 |67.97340550446636 |258.2563697758571 |108.0460460078575 |.7556497542544905 |2457857.515706814523 |2017-Apr-14.0157068 |476.4111917897321 |.00644692 |6.8753E-8 |8.1152E-8 |9.449E-6 |9.2953E-6 |1.0987E-5 |2.4042E-5
168318 (1989 DA) |168318 ||Y|Y |0.9 ||2458000.5 |58000 |2017-Sep-04.0 |J2000 |.5425563926732789 |2.16246962644576 |.9892079066558155 |6.49218790069564 |349.1900986776905 |139.801253190944 |356.8685506441548 |.3099410140651838 |2458010.603371976407 |2017-Sep-14.103372 |1161.511331715164 |.0451199 |1.0297E-7 |2.2373E-7 |2.3195E-5 |7.056E-5 |7.6085E-5 |8.1976E-5
14827 Hypnos (1986 JK) |14827 |Hypnos |Y|Y |0.9 ||2458000.5 |58000 |2017-Sep-04.0 |J2000 |.6658544196738958 |2.840467869889123 |.949129784781754 |1.980845516139651 |57.97576104305809 |238.0914240210621 |206.8086834381032 |.205882414229394 |2458744.571887515420 |2019-Sep-18.0718875 |1748.570908047 |.0146936 |3.3584E-8 |8.5975E-8 |1.5536E-5 |.00020094 |.00020481 |.00030168
418094 (2007 WV4) |418094 ||Y|Y |0.890 ||2458000.5 |58000 |2017-Sep-04.0 |J2000 |.4411406318766608 |1.486319948714432 |.8306438273676612 |38.33266836855627 |249.9046511557819 |297.6302511902726 |76.34011064636262 |.5439207334534397 |2457860.148463551542 |2017-Apr-16.6484636 |661.8611460429214 |.017365 |1.2154E-7 |2.028E-7 |3.3535E-5 |9.453E-6 |3.0468E-5 |6.3633E-5
269690 (1996 RG3) |269690 ||Y|Y |0.888 ||2458000.5 |58000 |2017-Sep-04.0 |J2000 |.6047276897149917 |1.999852158500446 |.7904861829189319 |3.571105958143414 |158.2248137646265 |300.0757226524436 |111.7598005422221 |.3485035747829586 |2457679.815196087087 |2016-Oct-18.3151961 |1032.987969274637 |.00240465 |2.9495E-8 |5.8653E-8 |7.7359E-6 |9.9445E-5 |.00010079 |3.0162E-5
395207 (2010 HQ80) |395207 ||Y|Y |0.886 ||2458000.5 |58000 |2017-Sep-04.0 |J2000 |.4894045106706515 |1.5680319360266 |.8006300336595473 |27.85237778852461 |218.5027505627883 |66.2847730755486 |214.7742607124797 |.5019630140391621 |2458289.815617337874 |2018-Jun-20.3156173 |717.1843142449407 |.00733852 |5.6176E-8 |9.0034E-8 |2.0932E-5 |7.9559E-6 |1.2866E-5 |1.8826E-5
243566 (1995 SA) |243566 ||Y|Y |0.881 ||2458000.5 |58000 |2017-Sep-04.0 |J2000 |.6415115829850999 |2.457807760985969 |.881095613562796 |19.94991327284407 |170.3683881241882 |52.77509346266404 |312.5363854647161 |.2557892019909285 |2458186.057537870450 |2018-Mar-08.5575379 |1407.408902322496 |.0336464 |2.3433E-8 |5.8444E-8 |1.4063E-5 |1.6477E-5 |1.9373E-5 |2.4355E-5
162998 (2001 SK162) |162998 ||Y|Y |0.875 ||2458000.5 |58000 |2017-Sep-04.0 |J2000 |.4738005141189345 |1.925837906941378 |1.013374916522821 |1.678829753625362 |285.423833139383 |186.3162097536993 |302.666029569003 |.3687860440082338 |2458155.966757385529 |2018-Feb-06.4667574 |976.1757687120132 |.0314192 |3.9166E-8 |7.5412E-8 |3.9462E-6 |.00015552 |.00015524 |2.587E-5
366774 (2004 TB18) |366774 ||Y|Y |0.859 ||2458000.5 |58000 |2017-Sep-04.0 |J2000 |.4503901318018464 |1.81494536044186 |.9975118803393008 |13.20487334576136 |121.0210877148001 |13.06528492563054 |42.5762117783483 |.4030962346736538 |2457894.877054122527 |2017-May-21.3770541 |893.0869827932169 |.0218789 |4.0979E-8 |7.2512E-8 |5.359E-6 |2.2972E-5 |2.3882E-5 |2.6996E-5
53789 (2000 ED104) |53789 ||Y|Y |0.843 ||2458000.5 |58000 |2017-Sep-04.0 |J2000 |.2691053016878593 |1.370538769977331 |1.001719520807674 |40.79070816411348 |190.0433864772606 |218.3106724252334 |79.93795981273126 |.6142810044712658 |2457870.367439769627 |2017-Apr-26.8674398 |586.051004962892 |.0483842 |6.2868E-8 |8.4839E-8 |1.4054E-5 |5.6516E-6 |1.8131E-5 |4.0973E-5
86819 (2000 GK137) |86819 ||Y|Y |0.802 ||2458000.5 |58000 |2017-Sep-04.0 |J2000 |.5055323307255239 |1.996105888545232 |.987009826334018 |10.05851697044345 |164.9214550578512 |150.2714119023292 |23.630512189837 |.3494851365824305 |2457932.884786314758 |2017-Jun-28.3847863 |1030.086725634151 |.0175007 |3.056E-8 |6.0067E-8 |4.9389E-6 |3.1777E-5 |3.1772E-5 |1.793E-5
263976 (2009 KD5) |263976 ||Y|Y |0.785 ||2458000.5 |58000 |2017-Sep-04.0 |J2000 |.2614680540718642 |1.046111234677132 |.7725865658033867 |13.4725291626277 |104.5153417991198 |294.3218214470871 |152.0011819012496 |.9211646736768557 |2457835.490218095824 |2017-Mar-22.9902181 |390.809602547012 |.0485328 |4.5211E-8 |4.6834E-8 |5.1403E-6 |1.5161E-5 |1.6206E-5 |1.9643E-5
65803 Didymos (1996 GT) |65803 |Didymos |Y|Y |0.78 ||2458000.5 |58000 |2017-Sep-04.0 |J2000 |.3838914216287944 |1.644616021822483 |1.013262039171558 |3.408290223630372 |73.2088100124505 |319.2996682796795 |204.1874364338863 |.4673123931035907 |2458333.922707947688 |2018-Aug-03.4227079 |770.3626210490796 |.0404205 |8.5951E-9 |1.6296E-8 |2.8962E-6 |2.169E-5 |2.3659E-5 |3.2879E-5
304330 (2006 SX217) |304330 ||Y|Y |0.780 ||2458000.5 |58000 |2017-Sep-04.0 |J2000 |.3100471239150217 |1.411257092040966 |.9737008895489874 |21.04590442709204 |32.63797777585906 |176.1583562553518 |4.739768640984816 |.5878883686534967 |2457992.437638344775 |2017-Aug-26.9376383 |612.3611542520331 |.0300008 |1.4919E-8 |2.3544E-8 |2.0726E-6 |9.7112E-6 |1.5962E-5 |1.8422E-5
445305 (2010 DM56) |445305 ||Y|Y |0.762 ||2458000.5 |58000 |2017-Sep-04.0 |J2000 |.2924768600469775 |1.305709660545563 |.9238197988961919 |25.60601723885981 |349.6566764841907 |48.13781981728873 |73.61223383462101 |.6605932746016556 |2457889.066480064439 |2017-May-15.5664801 |544.9646762103105 |.00677597 |2.7196E-7 |3.5663E-7 |4.4091E-5 |6.6731E-5 |8.7182E-5 |8.0203E-5
138127 (2000 EE14) |138127 ||Y|Y |0.754 ||2458000.5 |58000 |2017-Sep-04.0 |J2000 |.5330364529912677 |.6618394693156479 |.309054906142012 |26.46266606305817 |155.7698258300033 |197.8377941078795 |356.7632752786785 |1.830522533099191 |2458002.268197147424 |2017-Sep-05.7681971 |196.6651562548629 |.0218133 |1.1308E-7 |7.4635E-8 |4.0786E-5 |1.9849E-5 |2.4462E-5 |2.8918E-5
11500 Tomaiyowit (1989 UR) |11500 |Tomaiyowit |Y|Y |0.738 ||2458000.5 |58000 |2017-Sep-04.0 |J2000 |.3557794005126195 |1.079650830185567 |.6955333050591936 |10.30982392476751 |234.4469933996388 |289.4563874283167 |199.7109192861029 |.8785755020153651 |2458182.942010215639 |2018-Mar-05.4420102 |409.7541977601193 |.0345551 |7.8633E-8 |8.4743E-8 |8.3674E-6 |1.2984E-5 |1.5742E-5 |8.368E-6
8014 (1990 MF) |8014 ||Y|Y |0.7 ||2458000.5 |58000 |2017-Sep-04.0 |J2000 |.4559081164717851 |1.746709011808343 |.9503701962105083 |1.86671734721787 |210.2448179290151 |114.4023199210247 |261.606837900081 |.4269462786683587 |2458230.957945216917 |2018-Apr-22.4579452 |843.1974184734354 |.0170362 |6.1824E-8 |1.0861E-7 |1.7633E-6 |.00019152 |.00019186 |2.2063E-5
3362 Khufu (1984 QA) |3362 |Khufu |Y|Y |0.7 ||2458000.5 |58000 |2017-Sep-04.0 |J2000 |.4685677328906181 |.9895267061027037 |.5258664207894388 |9.91682854015037 |152.4478065215989 |55.04820444943432 |276.5319456445037 |1.001296721643968 |2458083.859959691524 |2017-Nov-26.3599597 |359.5337847595645 |.013395 |5.7393E-7 |5.7509E-7 |1.2128E-5 |5.8571E-5 |4.8037E-5 |.00016143
365071 (2009 AV) |365071 ||Y|Y |0.674 ||2458000.5 |58000 |2017-Sep-04.0 |J2000 |.07397212906650603 |1.029793001328298 |.9536170205222561 |45.86441514921972 |150.7477115155145 |322.10350980 |147.4244349264346 |.9431465272427579 |2457844.188726334579 |2017-Mar-31.6887263 |381.7010290568976 |.0193974 |4.1714E-8 |4.2074E-8 |1.6235E-5 |4.7168E-6 |2.3231E-5 |4.0203E-5
386847 (2010 LR33) |386847 ||Y|Y |0.663 ||2458000.5 |58000 |2017-Sep-04.0 |J2000 |.4623683383170584 |1.691946667227618 |.9096440981804993 |5.833739622055043 |352.1195029100066 |333.1805647324478 |84.77509268794296 |.4478412259279536 |2457811.202794249717 |2017-Feb-26.7027942 |803.8563204047565 |.0287437 |1.1648E-7 |1.9425E-7 |1.0708E-5 |6.0237E-5 |6.2582E-5 |5.4428E-5
250620 (2005 GE59) |250620 ||Y|Y |0.654 ||2458000.5 |58000 |2017-Sep-04.0 |J2000 |.6008482004015474 |2.110596018259967 |.8424481989137942 |16.09411261309629 |194.9016355276011 |242.8626371944162 |80.06175780669085 |.3214373967520771 |2457751.425814433340 |2016-Dec-28.9258144 |1119.969249494843 |.0341696 |2.2455E-8 |4.6125E-8 |9.4948E-6 |1.5086E-5 |1.5892E-5 |1.405E-5
436329 (2010 GX62) |436329 ||Y|Y |0.622 ||2458000.5 |58000 |2017-Sep-04.0 |J2000 |.7043106375516814 |2.95427122153274 |.8735465739944311 |21.66031448281362 |207.8976355524016 |316.1451186497529 |172.7674604623337 |.1941013375212102 |2457110.411025505145 |2015-Mar-28.9110255 |1854.701284377607 |.0118663 |4.2759E-8 |1.2667E-7 |1.824E-5 |2.9319E-5 |3.1897E-5 |1.3718E-5
2101 Adonis (1936 CA) |2101 |Adonis |Y|Y |0.6 ||2458000.5 |58000 |2017-Sep-04.0 |J2000 |.7647906026288864 |1.873687389004828 |.4407088816296807 |1.325665285643867 |349.6273705948483 |43.47385775717149 |311.9842807231769 |.3842893716453582 |2458125.446779223274 |2018-Jan-06.9467792 |936.794058234393 |.0115945 |9.403E-8 |1.7581E-7 |1.4466E-5 |.00045565 |.00045623 |4.2892E-5
312070 (2007 TA19) |312070 ||Y|Y |0.595 ||2458000.5 |58000 |2017-Sep-04.0 |J2000 |.5095160131674885 |.9540838329944159 |.4679628421795452 |22.62991819624063 |181.2098276845593 |58.02225067354735 |306.3186435032543 |1.057606883414036 |2458051.257381914401 |2017-Oct-24.7573819 |340.3911279755409 |.0192622 |8.741E-7 |8.7002E-7 |3.8314E-5 |5.6624E-5 |4.7571E-5 |.00035112
140158 (2001 SX169) |140158 ||Y|Y |0.566 ||2458000.5 |58000 |2017-Sep-04.0 |J2000 |.4606887553186938 |1.346796642750461 |.7263425737343555 |2.513720428444311 |126.90904933066 |42.64672700769678 |255.728166867707 |.630595745336356 |2458165.854482492861 |2018-Feb-16.3544825 |570.8887233420488 |.0260366 |9.7724E-8 |1.2902E-7 |5.1628E-6 |.00015836 |.00015831 |5.97E-5
267221 (2001 AD2) |267221 ||Y|Y |0.562 ||2458000.5 |58000 |2017-Sep-04.0 |J2000 |.6596701710580902 |1.03906995843448 |.3536265012126837 |1.660280690155929 |211.1661436665007 |111.2704899540324 |339.0708465327584 |.9305439521182067 |2458022.991311044041 |2017-Sep-26.491311 |386.8704956714063 |.00864628 |7.3589E-8 |7.7483E-8 |4.0549E-6 |.00022269 |.00022157 |4.4122E-5
13651 (1997 BR) |13651 ||Y|Y |0.562 ||2458000.5 |58000 |2017-Sep-04.0 |J2000 |.3056501490248168 |1.335473912805228 |.9272861123375546 |17.24706186160463 |116.673187764792 |133.7846004059958 |42.34081075562343 |.6386324184106483 |2457934.200812024237 |2017-Jun-29.700812 |563.7045499442775 |.0141367 |3.2115E-8 |4.2749E-8 |6.2327E-6 |1.2201E-5 |1.5342E-5 |1.4904E-5
363024 (1998 OK1) |363024 ||Y|Y |0.558 ||2458000.5 |58000 |2017-Sep-04.0 |J2000 |.4293493895604424 |1.355716269448278 |.7736403167434994 |13.99040636182719 |109.7008269446791 |298.5282123842634 |337.9779671917651 |.6243827009527489 |2458035.770087999926 |2017-Oct-09.270088 |576.5694652505172 |.0389906 |1.1614E-7 |1.5337E-7 |9.3088E-6 |3.9805E-5 |3.7314E-5 |.0001004
409836 (2006 QY110) |409836 ||Y|Y |0.554 ||2458000.5 |58000 |2017-Sep-04.0 |J2000 |.5730681292385106 |1.924820276157496 |.8217671213795663 |6.407307008701104 |222.6984468532267 |221.5028326741423 |22.08021103652164 |.36907854219674 |2457940.674763601533 |2017-Jul-06.1747636 |975.4021403067627 |.0311731 |9.8794E-8 |1.8797E-7 |1.838E-5 |5.481E-5 |5.655E-5 |3.0339E-5
5604 (1992 FE) |5604 ||Y|Y |0.55 ||2458000.5 |58000 |2017-Sep-04.0 |J2000 |.406149981924368 |.9287966940983431 |.5515659335788884 |4.71358655330477 |311.9598151041063 |82.58617599987608 |286.3593129183015 |1.101090669502863 |2458067.379766690737 |2017-Nov-09.8797667 |326.9485519866753 |.0331798 |1.3565E-8 |1.4458E-8 |3.0414E-6 |1.9112E-5 |1.8209E-5 |3.2984E-6
162116 (1998 SA15) |162116 ||Y|Y |0.538 ||2458000.5 |58000 |2017-Sep-04.0 |J2000 |.5575521329336308 |1.916203548979779 |.8478201731111099 |7.099758282971469 |114.2842821518657 |331.29828562338 |21.48844023795617 |.3715708309030172 |2457942.668656819123 |2017-Jul-08.1686568 |968.8596898876668 |.0452863 |1.1068E-7 |2.0782E-7 |7.562E-6 |.00019466 |.00019877 |4.7951E-5
480936 (2003 QH5) |480936 ||Y|Y |0.537 ||2458000.5 |58000 |2017-Sep-04.0 |J2000 |.2204175128613318 |1.26017154167639 |.9824076646814497 |17.61253811985218 |299.2592862100979 |321.1505886242503 |15.64060472809407 |.6967220770514204 |2457978.051156704713 |2017-Aug-12.5511567 |516.7053145833224 |.00687871 |1.8437E-7 |2.3834E-7 |2.4786E-5 |4.6668E-5 |5.1471E-5 |.00014359
250706 (2005 RR6) |250706 ||Y|Y |0.535 ||2458000.5 |58000 |2017-Sep-04.0 |J2000 |.6961685780009735 |2.972700076324075 |.9031996913661581 |6.952222449177097 |28.1079926723153 |58.95513757101713 |115.8518125459185 |.1922991800649683 |2457398.043907848291 |2016-Jan-10.5439078 |1872.082865243492 |.0398351 |2.4785E-8 |7.3349E-8 |7.6713E-6 |5.0452E-5 |5.0974E-5 |9.9546E-6
152978 (2000 GJ147) |152978 ||Y|Y |0.531 ||2458000.5 |58000 |2017-Sep-04.0 |J2000 |.2365803036841376 |1.162054188805341 |.887135055920349 |25.00778018028834 |57.87465674677426 |240.7970766723728 |248.6885108731514 |.7868002751735369 |2458141.973627601741 |2018-Jan-23.4736276 |457.5494078476248 |.0247891 |5.7318E-8 |6.5232E-8 |1.4374E-5 |8.6808E-6 |1.5302E-5 |2.3733E-5
6489 Golevka (1991 JX) |6489 |Golevka |Y|Y |0.53 ||2452464.5 |52464 |2002-Jul-09.0 |J2000 |.6052965473609275 |2.502473955538411 |.9877351103903675 |2.276480760200308 |211.0620214977193 |66.65547373940903 |274.413634521102 |.2489715508263783 |2452808.259619100345 |2003-Jun-17.7596191 |1445.94833749117 |.0280499 |2.478E-9 |6.0535E-9 |6.4443E-7 |2.1622E-5 |2.2559E-5 |9.3587E-7
153201 (2000 WO107) |153201 ||Y|Y |0.510 ||2458000.5 |58000 |2017-Sep-04.0 |J2000 |.780612966040514 |.9114357833760426 |.1999571931594106 |7.770815860951196 |69.25903128620656 |213.6995139890316 |153.8916612360215 |1.132700158110583 |2457864.637335786443 |2017-Apr-21.1373358 |317.8246223612287 |.00323528 |6.2475E-8 |5.7158E-8 |9.017E-6 |2.4486E-5 |2.4586E-5 |1.7068E-5
3757 Anagolay (1982 XB) |3757 |Anagolay |Y|Y |0.5 ||2458000.5 |58000 |2017-Sep-04.0 |J2000 |.4454625145000524 |1.834869735818119 |1.017504049520533 |3.867853971772131 |74.96878794055439 |17.1487170643001 |342.617577557832 |.3965484143443505 |2458044.334300714348 |2017-Oct-17.8343007 |907.8336641320851 |.0386069 |5.4523E-8 |1.0042E-7 |7.2472E-6 |7.2051E-5 |7.5702E-5 |2.8385E-5
244977 (2004 BE68) |244977 ||Y|Y |0.495 ||2458000.5 |58000 |2017-Sep-04.0 |J2000 |.4448802466151252 |1.760082778888138 |.9770567181533484 |15.74744354760898 |210.92837386 |191.1717410159482 |326.6438390424066 |.4220893879055882 |2458079.526296119661 |2017-Nov-22.0262961 |852.8999077335814 |.011218 |1.2012E-7 |2.1328E-7 |9.8196E-6 |3.1237E-5 |3.4147E-5 |5.3702E-5
101955 Bennu (1999 RQ36) |101955 |Bennu |Y|Y |0.492 |5.2e-9 |2455562.5 |55562 |2011-Jan-01.0 |J2000 |.2037451092832295 |1.126391026023507 |.8968943633306982 |6.034939444895548 |2.060867872198411 |66.22306799809232 |101.7039479704443 |.8244613501907341 |2455439.141945742010 |2010-Aug-30.6419457 |436.6487281868534 |.0032228 |2.2501E-8 |2.5331E-8 |2.8765E-6 |3.953E-6 |6.1506E-6 |3.2723E-6
215588 (2003 HF2) |215588 ||Y|Y |0.488 ||2458000.5 |58000 |2017-Sep-04.0 |J2000 |.6755187385301357 |1.113823692887633 |.361414916923202 |3.056680155229406 |189.9762295959387 |230.933756987141 |175.5223788562929 |.8384542996641764 |2457791.159575689940 |2017-Feb-06.6595757 |429.3615050267971 |.00329405 |1.6645E-8 |1.8124E-8 |4.0239E-6 |7.3243E-5 |7.3627E-5 |9.5447E-7
442037 (2010 PR66) |442037 ||Y|Y |0.488 ||2458000.5 |58000 |2017-Sep-04.0 |J2000 |.6866789126494657 |2.92906314676638 |.9177372500632198 |17.57359889153978 |292.7795913924446 |319.4572022760437 |158.6677626045965 |.19661243053129 |2457193.492212263277 |2015-Jun-19.9922123 |1831.013425891744 |.000639127 |2.9476E-8 |7.9715E-8 |7.8159E-6 |6.5094E-6 |1.3596E-5 |6.5825E-6
410777 (2009 FD) |410777 ||Y|Y |0.472 ||2456476.5 |56476 |2013-Jul-03.0 |J2000 |.4929375450586259 |1.162865914884548 |.5896456455690059 |3.136577373610845 |9.552332932608866 |281.2393749649252 |98.57904055605192 |.7859765927165114 |2456351.077638227952 |2013-Feb-27.5776382 |458.0289073950145 |.0025135 |2.0043E-8 |2.099E-8 |2.2792E-6 |1.2217E-5 |1.1872E-5 |7.5077E-6
398188 Agni (2010 LE15) |398188 |Agni |Y|Y |0.462 ||2458000.5 |58000 |2017-Sep-04.0 |J2000 |.2736569612088209 |.8641258205484663 |.6276517743950941 |13.24668293227481 |134.2602538845283 |328.6753581761694 |173.4356751108606 |1.226983155122513 |2457859.148690989125 |2017-Apr-15.648691 |293.4025609863035 |.0225498 |8.2092E-8 |7.2035E-8 |8.1871E-6 |8.9554E-6 |2.3255E-5 |3.3422E-5
163132 (2002 CU11) |163132 ||Y|Y |0.460 ||2458000.5 |58000 |2017-Sep-04.0 |J2000 |.295176597256662 |1.219613280987883 |.8596119827368461 |48.77921037748276 |157.7631960067156 |110.5265040181595 |126.7029692575091 |.7317636906375989 |2457827.352615292909 |2017-Mar-14.8526153 |491.9620973354465 |.00045346 |4.341E-8 |5.0891E-8 |2.756E-6 |6.4859E-7 |1.0965E-5 |1.0179E-5
419472 (2010 DW1) |419472 ||Y|Y |0.459 ||2458000.5 |58000 |2017-Sep-04.0 |J2000 |.2001586958707247 |1.225054263905706 |.9798490000714691 |23.76674897534669 |157.1413549431791 |9.617988859858468 |196.5243916353128 |.7268940007582999 |2458225.396075898478 |2018-Apr-16.8960759 |495.2579050376616 |.00632805 |6.4609E-8 |7.7601E-8 |1.5027E-5 |1.4471E-5 |3.6978E-5 |3.3824E-5
389694 (2011 QD48) |389694 ||Y|Y |0.451 ||2458000.5 |58000 |2017-Sep-04.0 |J2000 |.4920470818201212 |1.545329030875435 |.7849543907812614 |19.06488043166243 |358.8908015854648 |106.6683927753071 |322.6546086879198 |.5130652830214291 |2458073.288770840533 |2017-Nov-15.7887708 |701.6650939232698 |.020396 |5.944E-8 |9.6146E-8 |1.3658E-5 |1.0256E-5 |1.1411E-5 |1.3897E-5
85990 (1999 JV6) |85990 ||Y|Y |0.451 ||2456067.5 |56067 |2012-May-20.0 |J2000 |.3113896916773102 |1.008096929579188 |.6941859374966813 |5.319084389582808 |124.5513617783884 |235.3374957840193 |217.357259043243 |.9737570969324046 |2456213.986984696820 |2012-Oct-13.4869847 |369.7020551984641 |.0311616 |9.9078E-9 |1.0148E-8 |2.147E-6 |8.616E-6 |8.6395E-6 |1.3872E-6
277570 (2005 YP180) |277570 ||Y|Y |0.439 ||2458000.5 |58000 |2017-Sep-04.0 |J2000 |.6172733941724955 |1.372257093814732 |.5251992998384276 |4.11106427618562 |289.0392655180895 |92.29635162247601 |122.4518086891676 |.6131275728035137 |2457800.783311139867 |2017-Feb-16.2833111 |587.1534994812043 |.0164621 |1.2393E-7 |1.691E-7 |1.0977E-5 |9.8984E-5 |9.8523E-5 |2.6093E-5
267337 (2001 VK5) |267337 ||Y|Y |0.439 ||2458000.5 |58000 |2017-Sep-04.0 |J2000 |.5140051297520279 |1.269101519567152 |.6167768283335422 |19.43245207650018 |54.24691663529077 |263.9212123296212 |72.21431579475538 |.68938134613755 |2457895.747650376158 |2017-May-22.2476504 |522.2073414330106 |.000281182 |6.1311E-8 |7.8124E-8 |7.8231E-6 |1.3618E-5 |1.5253E-5 |1.1808E-5
221980 (1996 EO) |221980 ||Y|Y |0.432 ||2458000.5 |58000 |2017-Sep-04.0 |J2000 |.4007049618331717 |1.341419601931606 |.8039061115373333 |21.59647394036671 |356.5206024962067 |64.62687148731517 |4.235828002711376 |.6343911290223799 |2457993.823002468148 |2017-Aug-28.3230025 |567.4732566875158 |.0338689 |1.7748E-7 |2.3937E-7 |4.487E-5 |2.3254E-5 |4.0859E-5 |4.5549E-5
207945 (1991 JW) |207945 ||Y|Y |0.423 ||2458000.5 |58000 |2017-Sep-04.0 |J2000 |.1186350868360502 |1.039039897188131 |.9157733087590959 |8.710376675013434 |53.874261672033 |301.9053172469415 |192.7641587076003 |.9305843358128855 |2458180.210569860727 |2018-Mar-02.7105699 |386.8537070157454 |.0196469 |4.3051E-8 |4.3783E-8 |7.1989E-6 |1.5768E-5 |3.3E-5 |2.659E-5
4034 Vishnu (1986 PA) |4034 |Vishnu |Y|Y |0.42 ||2455202.5 |55202 |2010-Jan-06.0 |J2000 |.4439425769671891 |1.059509941120145 |.5891483675369131 |11.17043792956858 |158.0140756738879 |296.6030770773073 |62.85109471384038 |.9037462744191759 |2455132.954933544004 |2009-Oct-28.4549335 |398.3418910704407 |.0193934 |7.269E-8 |7.6389E-8 |7.5749E-6 |4.4875E-5 |4.1682E-5 |1.7273E-5
417634 (2006 XG1) |417634 ||Y|Y |0.418 ||2458000.5 |58000 |2017-Sep-04.0 |J2000 |.595505586111913 |2.458048939292655 |.9942670650074167 |20.49257150571099 |38.47793963954599 |344.1104285192855 |287.0337232496655 |.2557515567111585 |2458285.801398312666 |2018-Jun-16.3013983 |1407.616065487249 |.0157462 |1.4338E-7 |3.6196E-7 |1.7701E-5 |4.9691E-5 |6.6051E-5 |.00014168
152754 (1999 GS6) |152754 ||Y|Y |0.414 ||2458000.5 |58000 |2017-Sep-04.0 |J2000 |.4973457568249125 |1.190920566209327 |.598621275889596 |2.020707347929493 |314.5063412859134 |134.87857243 |112.1144198695223 |.7583677935479711 |2457852.663526954378 |2017-Apr-09.163527 |474.7037032199969 |.0188434 |2.8045E-8 |3.3523E-8 |3.8273E-6 |.00010687 |.00010809 |2.2135E-5
391211 (2006 HZ51) |391211 ||Y|Y |0.412 ||2458000.5 |58000 |2017-Sep-04.0 |J2000 |.4498983075305928 |1.897445607065534 |1.043788039815392 |12.4119987266667 |84.29125720053274 |193.3414855652723 |86.57079341737317 |.3770943898041143 |2457770.926726681499 |2017-Jan-17.4267267 |954.6681407458907 |.0353849 |8.7693E-8 |1.5936E-7 |7.8171E-6 |6.6623E-5 |6.4863E-5 |3.3183E-5
297418 (2000 SP43) |297418 ||Y|Y |0.407 ||2458000.5 |58000 |2017-Sep-04.0 |J2000 |.4669622105465801 |.8113635191877953 |.4324874167110099 |10.34982551763828 |350.5850178797646 |224.3798147262811 |164.8010466966027 |1.348592867836914 |2457878.297776759018 |2017-May-04.7977768 |266.9449087161678 |.0188446 |9.1876E-8 |7.4894E-8 |1.1223E-5 |2.8223E-5 |2.2455E-5 |2.0317E-5
301844 (1990 UA) |301844 ||Y|Y |0.4 ||2458000.5 |58000 |2017-Sep-04.0 |J2000 |.5260041127675394 |1.642202390913847 |.778397179296477 |.9284967827031069 |104.2666836278587 |202.5739422892208 |309.7213576246706 |.4683430218324945 |2458107.854310903583 |2017-Dec-20.3543109 |768.667372455815 |.0121492 |5.1321E-8 |8.3977E-8 |4.9591E-6 |.0011257 |.001125 |1.6642E-5
360191 (1988 TA) |360191 ||Y|Y |0.4 ||2458000.5 |58000 |2017-Sep-04.0 |J2000 |.478346403463868 |1.539884305910037 |.803286186427516 |2.531248162341149 |194.7184701483327 |105.1957274942801 |68.45907969223357 |.5157888323225541 |2457867.773047801427 |2017-Apr-24.2730478 |697.9600515562736 |.00587758 |1.9373E-8 |2.9893E-8 |6.0026E-6 |8.8968E-5 |8.899E-5 |2.9162E-6
308635 (2005 YU55) |308635 ||Y|Y |0.4 ||2458000.5 |58000 |2017-Sep-04.0 |J2000 |.4304489333783271 |1.157099524686087 |.6590272684723915 |.3403355225702643 |35.9400689023995 |273.5605560658328 |290.3098196642894 |.7918592625408371 |2458088.508290907776 |2017-Dec-01.0082909 |454.6262410884338 |.000478658 |1.6504E-9 |2.6209E-9 |1.1543E-6 |4.0346E-5 |4.0318E-5 |1.3915E-5
162000 (1990 OS) |162000 ||Y|Y |0.4 ||2458000.5 |58000 |2017-Sep-04.0 |J2000 |.4628783423410079 |1.678467776354432 |.9015413943626951 |1.093931709555349 |346.61777143 |21.45752828932894 |141.2928336422188 |.4532466073003653 |2457688.764994450175 |2016-Oct-27.2649945 |794.2695967306579 |.009046 |2.285E-8 |3.9074E-8 |1.5888E-6 |.00018098 |.00018241 |1.3701E-5
341843 (2008 EV5) |341843 ||Y|Y |0.40 ||2458000.5 |58000 |2017-Sep-04.0 |J2000 |.08348437993668943 |.9582979263093527 |.8782950181368011 |7.43681414916214 |93.38970510557428 |234.8119053925067 |213.5519184510645 |1.050638355178633 |2458139.889620440837 |2018-Jan-21.3896204 |342.6488269969847 |.0149169 |3.15E-8 |5.4295E-8 |1.8327E-6 |1.6378E-6 |1.9963E-5 |.00017541
250680 (2005 QC5) |250680 ||Y|Y |0.398 ||2458000.5 |58000 |2017-Sep-04.0 |J2000 |.3645097616477859 |.8931071290358303 |.5675608623050414 |9.450314806482101 |48.10255053174333 |108.6863984727656 |268.2979601654993 |1.167746945137632 |2458079.029034236688 |2017-Nov-21.5290342 |308.2859702600807 |.0474637 |2.1844E-7 |1.9597E-7 |1.3732E-5 |6.1228E-5 |7.131E-5 |3.1728E-5
163818 (2003 RX7) |163818 ||Y|Y |0.386 ||2458000.5 |58000 |2017-Sep-04.0 |J2000 |.3543832865094087 |1.229203336360471 |.7935942182327171 |10.38987494598176 |241.0761612960961 |245.840401531975 |348.1847173922666 |.723216753865221 |2458016.837125135150 |2017-Sep-20.3371251 |497.7760789915132 |.026241 |7.0191E-8 |8.7341E-8 |7.9235E-6 |3.8892E-5 |4.1029E-5 |1.6673E-5
367248 (2007 MK13) |367248 ||Y|Y |0.386 ||2458000.5 |58000 |2017-Sep-04.0 |J2000 |.1397970173963595 |1.02465468232282 |.8814110138728752 |19.87996921022646 |95.09652174011394 |259.9582539089208 |234.3764578867453 |.9502497859295272 |2458132.700547659551 |2018-Jan-14.2005477 |378.8477570114375 |.0329288 |1.982E-7 |1.7354E-7 |2.5415E-5 |8.5298E-6 |2.8829E-5 |.00017891
414286 (2008 OC6) |414286 ||Y|Y |0.369 ||2458000.5 |58000 |2017-Sep-04.0 |J2000 |.19920430586072 |.9230242579289949 |.7391538513356433 |21.84487636660626 |177.6126763455327 |295.8524419293333 |1.910194990185961 |1.111435851411457 |2457998.781326819033 |2017-Sep-02.2813268 |323.9053333962744 |.0300973 |9.5482E-8 |9.102E-8 |1.5186E-5 |5.2429E-5 |4.7909E-5 |5.9798E-5
386454 (2008 XM) |386454 ||Y|Y |0.367 ||2458000.5 |58000 |2017-Sep-04.0 |J2000 |.9091178015420474 |1.222218947857262 |.1110779449782338 |5.447796523160366 |240.6348262392476 |27.35725153426528 |204.6678442100142 |.7294248513498057 |2458213.451554231450 |2018-Apr-04.9515542 |493.5395323230591 |.00475006 |4.0235E-8 |5.0082E-8 |1.8872E-5 |9.9577E-5 |9.8294E-5 |6.5371E-5
387746 (2003 MH4) |387746 ||Y|Y |0.366 ||2458000.5 |58000 |2017-Sep-04.0 |J2000 |.513888794770636 |1.963593217220448 |.9545246654032364 |3.883309350288127 |259.8370083521742 |323.0093372548507 |76.87817084608955 |.3582009959253514 |2457785.877004194285 |2017-Feb-01.3770042 |1005.022331303131 |.00305292 |2.4069E-8 |4.7738E-8 |6.1146E-6 |.00010899 |.0001028 |2.5132E-5
265196 (2004 BW58) |265196 ||Y|Y |0.361 ||2458000.5 |58000 |2017-Sep-04.0 |J2000 |.3787606704720644 |1.454989364657595 |.903896617370161 |15.20707578433034 |132.6817465723776 |301.7579999040746 |307.843769671023 |.561583508327702 |2458093.373507778548 |2017-Dec-05.8735078 |641.044465625455 |.039426 |9.0535E-8 |1.3493E-7 |1.5037E-5 |4.1822E-5 |5.1724E-5 |6.3866E-5
419624 (2010 SO16) |419624 ||Y|Y |0.357 ||2458000.5 |58000 |2017-Sep-04.0 |J2000 |.07543526900428794 |1.002849965459313 |.927199708543949 |14.5196010109286 |40.39650155274683 |108.9889177467371 |173.3008174523317 |.9814092072678832 |2457823.916352558197 |2017-Mar-11.4163526 |366.8194646371758 |.0298516 |9.9008E-8 |1.0027E-7 |2.4742E-5 |2.9634E-5 |6.3527E-5 |6.6079E-5
162567 (2000 RW37) |162567 ||Y|Y |0.335 ||2458000.5 |58000 |2017-Sep-04.0 |J2000 |.2501024399171 |1.247573944212059 |.9355526567876234 |13.74615530595768 |333.3319041693359 |133.2298309059705 |333.1243512847686 |.7073015830404119 |2458038.497438942104 |2017-Oct-11.9974389 |508.9766637485827 |.00930409 |6.3559E-8 |7.8128E-8 |1.7371E-5 |2.9028E-5 |3.5763E-5 |2.5134E-5
25143 Itokawa (1998 SF36) |25143 |Itokawa |Y|Y |0.33 |2.1e-9 |2458000.5 |58000 |2017-Sep-04.0 |J2000 |.2801684689189635 |1.324113442889941 |.9531386069204489 |1.6214504243261 |69.08002450397387 |162.8112344275751 |260.7917225961466 |.646868915043601 |2458153.866895667210 |2018-Feb-04.3668957 |556.5269742104316 |.0129128 |1.4697E-9 |3.6313E-9 |2.197E-7 |5.4608E-6 |5.4997E-6 |1.4239E-5
4660 Nereus (1982 DB) |4660 |Nereus |Y|Y |0.33 ||2458000.5 |58000 |2017-Sep-04.0 |J2000 |.3600073022074646 |1.488684198674383 |.9527470164707371 |1.431697922486035 |314.443417162216 |158.0200612675776 |219.3756888174985 |.5426255085868671 |2458259.655363979704 |2018-May-21.155364 |663.4409814929827 |.00290752 |3.0259E-9 |4.1057E-9 |2.5641E-6 |3.0244E-5 |3.139E-5 |1.6851E-5
99942 Apophis (2004 MN4) |99942 |Apophis |Y|Y |0.325 ||2454441.5 |54441 |2007-Dec-07.0 |J2000 |.1910795219761208 |.9222788903126814 |.7460502808230671 |3.331290217797427 |204.4571896287176 |126.3936405969297 |215.5399783483177 |1.112783484416944 |2454571.318624804064 |2008-Apr-14.8186248 |323.513068841623 |.000659446 |5.1343E-9 |4.7924E-9 |6.5897E-7 |3.3046E-5 |3.2426E-5 |3.6113E-6
477519 (2010 DJ56) |477519 ||Y|Y |0.321 ||2458000.5 |58000 |2017-Sep-04.0 |J2000 |.2453823109237432 |1.24986700545064 |.9431717513058234 |34.84081683884608 |149.9422067492128 |309.2546849040075 |197.8473977174688 |.7053560059748045 |2458230.387604144571 |2018-Apr-21.8876041 |510.3805694579416 |.0287571 |3.3413E-7 |4.3436E-7 |2.5016E-5 |3.5703E-5 |7.9162E-5 |.00012851
297300 (1998 SC15) |297300 ||Y|Y |0.320 ||2458000.5 |58000 |2017-Sep-04.0 |J2000 |.4143891613512432 |1.272847187561851 |.745393108979807 |16.08195670026387 |198.7455009647564 |277.4169899435739 |353.3662855005792 |.6863405729982364 |2458010.165339279655 |2017-Sep-13.6653393 |524.5209363441276 |.000374247 |6.1628E-8 |7.9285E-8 |1.6621E-5 |1.6159E-5 |2.0361E-5 |1.4631E-5
468727 (2010 JE87) |468727 ||Y|Y |0.308 ||2458000.5 |58000 |2017-Sep-04.0 |J2000 |.4369551957466873 |.9044080437219572 |.5092222499425508 |16.9208815716098 |120.5198624026117 |242.3237910571342 |94.2836762823692 |1.145928311992629 |2457918.222884323871 |2017-Jun-13.7228843 |314.1557776629186 |.0343851 |1.9054E-7 |1.714E-7 |1.91E-5 |5.2108E-5 |4.5228E-5 |3.7101E-5
2340 Hathor (1976 UA) |2340 |Hathor |Y|Y |0.3 ||2453228.5 |53228 |2004-Aug-11.0 |J2000 |.4498841655895494 |.8438292455376517 |.4642038295088863 |5.854591233229053 |211.5421370750162 |39.92629416655726 |42.10443294792183 |1.271517126434761 |2453195.386460219392 |2004-Jul-08.8864602 |283.1263476642372 |.00687373 |1.0082E-7 |8.4879E-8 |8.1522E-6 |2.6559E-5 |2.8328E-5 |9.5386E-6
3361 Orpheus (1982 HR) |3361 |Orpheus |Y|Y |0.3 ||2455050.5 |55050 |2009-Aug-07.0 |J2000 |.3228106082004903 |1.209543103002313 |.819089758277428 |2.685216122168643 |189.5838349467661 |301.6928800444145 |234.5789064599331 |.7409212483954497 |2455219.777225901782 |2010-Jan-23.2772259 |485.8815977806298 |.0136524 |4.3423E-8 |5.2561E-8 |5.0885E-6 |4.905E-5 |5.0764E-5 |1.9409E-5
152671 (1998 HL3) |152671 ||Y|Y |0.298 ||2458000.5 |58000 |2017-Sep-04.0 |J2000 |.3660078747798312 |1.128819084295233 |.7156624102414193 |2.679506950145568 |163.6848804607214 |188.1255033425081 |309.8124370705953 |.8218026911986593 |2458061.570088315484 |2017-Nov-04.0700883 |438.0613544534804 |.0454035 |7.6731E-8 |8.5986E-8 |4.5418E-6 |.00010733 |.00010708 |4.1013E-5
390725 (2003 HB) |390725 ||Y|Y |0.293 ||2458000.5 |58000 |2017-Sep-04.0 |J2000 |.3805761069972231 |.8497423581411691 |.5263507195291628 |18.10909470247734 |70.39111293798089 |306.7329251021594 |315.4254513558744 |1.258268059798753 |2458035.925319984086 |2017-Oct-09.42532 |286.1075564912442 |.0457082 |1.8521E-7 |1.5845E-7 |2.6914E-5 |5.5268E-5 |5.0321E-5 |4.0557E-5
252399 (2001 TX44) |252399 ||Y|Y |0.291 ||2458000.5 |58000 |2017-Sep-04.0 |J2000 |.5460081782024339 |.8747010308396909 |.3971071145191203 |15.20930287673901 |57.80287359822461 |136.0075174199066 |10.34228203214408 |1.204799049921269 |2457991.915761796276 |2017-Aug-26.4157618 |298.8050165075455 |.00921677 |2.0537E-7 |1.7871E-7 |1.6635E-5 |3.9751E-5 |3.8868E-5 |3.4513E-5
141432 (2002 CQ11) |141432 ||Y|Y |0.239 ||2458000.5 |58000 |2017-Sep-04.0 |J2000 |.4283132812519154 |.9784568368921948 |.5593707785195287 |2.463299292783884 |81.35597636609009 |272.7859806053464 |109.0120092320113 |1.018337098516032 |2457893.450959568429 |2017-May-19.9509596 |353.5175145093002 |.0192505 |6.4322E-8 |6.3077E-8 |2.3572E-6 |4.2014E-5 |4.2081E-5 |1.871E-5
490581 (2009 WZ104) |490581 ||Y|Y |0.237 ||2458000.5 |58000 |2017-Sep-04.0 |J2000 |.1926426222105336 |.8553588787643515 |.6905803014281249 |9.834617742563426 |263.2779736491007 |10.53439141984141 |71.97999329549448 |1.245895227449277 |2457942.726287002592 |2017-Jul-08.226287 |288.9488554643783 |.0311462 |1.1855E-7 |1.0929E-7 |2.3031E-5 |1.2024E-5 |3.8995E-5 |5.0353E-5
371660 (2007 CN26) |371660 ||Y|Y |0.230 ||2458000.5 |58000 |2017-Sep-04.0 |J2000 |.2691804387389481 |1.292677751690293 |.9447141873422225 |7.583324575800886 |159.3075773397189 |135.6362158670416 |287.8526382937438 |.6706078958343461 |2458108.085016750352 |2017-Dec-20.5850168 |536.8263664001465 |.00213557 |1.5795E-8 |2.1175E-8 |2.1312E-6 |8.5833E-6 |1.2376E-5 |9.8063E-6
441987 (2010 NY65) |441987 ||Y|Y |0.228 ||2457215.5 |57215 |2015-Jul-12.0 |J2000 |.3695634738899967 |.9978923240407045 |.6291077702000595 |11.72862919639776 |268.1266483635628 |251.1659380668889 |85.4321005033428 |.9887319106491214 |2457129.094272033503 |2015-Apr-16.594272 |364.1027422323743 |.0175387 |5.6391E-8 |5.6497E-8 |5.9691E-6 |4.7391E-6 |3.1169E-6 |3.5959E-6
462238 (2008 CN1) |462238 ||Y|Y |0.227 ||2458000.5 |58000 |2017-Sep-04.0 |J2000 |.347714349340407 |.7708253574759935 |.5027983198461418 |7.217400175044434 |331.5301930493732 |7.204913394057431 |199.0089763367494 |1.456364500906114 |2458111.043084209404 |2017-Dec-23.5430842 |247.190864495816 |.0351116 |7.7936E-8 |6.1731E-8 |8.7811E-6 |7.7299E-6 |2.0246E-5 |7.9275E-5
365424 (2010 KX7) |365424 ||Y|Y |0.212 ||2458000.5 |58000 |2017-Sep-04.0 |J2000 |.1710431029397441 |.9898553873063075 |.8205474503998145 |21.48659770859064 |46.5079357889823 |61.82281566095128 |248.5105686524586 |1.000798042603065 |2458111.900528979412 |2017-Dec-24.400529 |359.7129337539907 |.0343382 |5.3379E-7 |5.3265E-7 |3.6911E-5 |8.3047E-6 |2.1598E-5 |8.3513E-5
333578 (2006 KM103) |333578 ||Y|Y |0.204 ||2458000.5 |58000 |2017-Sep-04.0 |J2000 |.3768073209959183 |1.573763858961513 |.9807581153860272 |11.68216017014653 |169.5007233624131 |196.94841610692 |177.3267775472767 |.4992231570948708 |2457645.294567264879 |2016-Sep-13.7945673 |721.1203945244606 |.0130652 |1.9493E-8 |3.1629E-8 |4.9952E-6 |7.0206E-6 |1.1794E-5 |6.837E-6
41429 (2000 GE2) |41429 ||Y|Y |0.204 ||2458000.5 |58000 |2017-Sep-04.0 |J2000 |.5552919817551426 |1.592525299226635 |.7082087698238752 |2.17319489354905 |351.9605677733203 |297.1892484576257 |207.9897312554677 |.4904272162563833 |2458310.454797992013 |2018-Jul-10.954798 |734.0538780616956 |.0108978 |1.0846E-7 |1.7258E-7 |8.4962E-6 |8.1475E-5 |8.8336E-5 |5.676E-5
483508 (2003 CR1) |483508 ||Y|Y |0.202 ||2458000.5 |58000 |2017-Sep-04.0 |J2000 |.4630344218303549 |1.453124844329838 |.7802780221882472 |12.71601781655649 |311.0143959773931 |101.8908645824775 |156.7118292892315 |.5626647158514224 |2457721.982750074179 |2016-Nov-29.4827501 |639.812644827478 |.0279092 |1.9603E-7 |2.8372E-7 |1.9459E-5 |1.8238E-5 |4.6453E-5 |1.9656E-5
423321 (2005 ED318) |423321 ||Y|Y |0.202 ||2458000.5 |58000 |2017-Sep-04.0 |J2000 |.4495699910846291 |1.849888247304118 |1.018234004456045 |2.389730685198666 |82.06785020752748 |164.1790487610125 |317.6442241549022 |.3917290993439188 |2458108.625170981775 |2017-Dec-21.125171 |919.0024448092834 |.00933635 |6.78E-9 |1.202E-8 |2.2663E-6 |3.2589E-5 |3.4373E-5 |1.1463E-5
468468 (2004 KH17) |468468 ||Y|Y |0.197 ||2455239.5 |55239 |2010-Feb-12.0 |J2000 |.4988331874847056 |.7118189320840804 |.3567400252806194 |22.10335678911244 |79.1983129855014 |340.6874636805885 |22.10988103108831 |1.641155648806969 |2455226.027858556767 |2010-Jan-29.5278586 |219.3576217232658 |.00474491 |1.1563E-7 |8.2205E-8 |3.4979E-5 |1.2257E-5 |1.7801E-5 |3.4865E-5
422686 (2000 AC6) |422686 ||Y|Y |0.176 ||2458000.5 |58000 |2017-Sep-04.0 |J2000 |.2863628530414653 |.8532599579429397 |.6089180020003588 |4.695578515075243 |101.4596256944342 |188.0402173116781 |324.7352562712717 |1.250495190665017 |2458028.700623234684 |2017-Oct-02.2006232 |287.8859532506887 |.0462823 |4.3277E-8 |3.7614E-8 |5.01E-6 |2.7433E-5 |3.8357E-5 |1.8645E-5
164207 (2004 GU9) |164207 ||Y|Y |0.163 ||2458000.5 |58000 |2017-Sep-04.0 |J2000 |.1361040794578267 |1.001432542044994 |.8651334877708484 |13.64998555776658 |38.59610362132742 |280.1452911597083 |25.27243956853552 |.9834935680876613 |2457974.803401274219 |2017-Aug-09.3034013 |366.0420481447543 |.000927929 |2.1401E-7 |2.1373E-7 |1.4178E-5 |1.5938E-5 |2.848E-5 |3.6749E-5
411165 (2010 DF1) |411165 ||Y|Y |0.159 ||2458000.5 |58000 |2017-Sep-04.0 |J2000 |.5029971333722685 |1.598458759402439 |.7944385856092195 |20.07496488649296 |154.9054497924404 |101.7625655179864 |217.5663535594904 |.4876990617827054 |2458292.552328171119 |2018-Jun-23.0523282 |738.1601241636142 |.0436135 |1.7186E-7 |2.6651E-7 |5.2948E-5 |2.026E-5 |5.4894E-5 |.00014854
363599 (2004 FG11) |363599 ||Y|Y |0.152 ||2456484.5 |56484 |2013-Jul-11.0 |J2000 |.7241131655030483 |1.588022608363079 |.4381145305308823 |3.11472006671959 |84.51155304385449 |227.6711557332302 |201.2610549587269 |.4925145354593059 |2456806.803066432826 |2014-May-29.3030664 |730.9428942320933 |.0212101 |1.2423E-7 |1.9778E-7 |7.0695E-6 |.00026147 |.00025451 |5.9426E-6
469445 (2002 LT24) |469445 ||Y|Y |0.143 ||2458000.5 |58000 |2017-Sep-04.0 |J2000 |.4957914716096583 |.7200515051817241 |.3630561097929276 |.7632074802080452 |166.1632872259441 |282.6121477469812 |143.022445188192 |1.613090487160862 |2457911.836378010684 |2017-Jun-07.336378 |223.1740890330474 |.0113837 |9.4152E-8 |6.7963E-8 |2.0567E-6 |.0006903 |.00068836 |1.9921E-5
264357 (2000 AZ93) |264357 ||Y|Y |0.113 ||2458000.5 |58000 |2017-Sep-04.0 |J2000 |.3602493079689169 |.7466021844371523 |.4776392641655866 |8.578797446122165 |277.4285979403811 |8.031577943025207 |300.7197016015837 |1.527812959272026 |2458039.300756361343 |2017-Oct-12.8007564 |235.6309375537259 |.0224891 |8.904E-8 |6.745E-8 |1.929E-5 |2.0858E-5 |3.3534E-5 |3.7355E-5
